-1 13
-1 17
-1 -21
-2 14
-2 18
-2 -22
-3 15
-3 19
-3 -23
-4 21
-4 17
-4 -13
-5 22
-5 18
-5 -14
-6 23
-6 19
-6 -15
-7 17
-7 25
-7 -29
-8 18
-8 26
-8 -30
-9 19
-9 27
-9 -31
-10 29
-10 25
-10 -17
-11 30
-11 26
-11 -18
-12 31
-12 27
-12 -19
-1 -14
-1 -18
-1 22
-2 -15
-2 -19
-2 23
-3 -16
-3 -20
-3 24
-4 -22
-4 -18
-4 14
-5 -23
-5 -19
-5 15
-6 -24
-6 -20
-6 16
-7 -18
-7 -26
-7 30
-8 -19
-8 -27
-8 31
-9 -20
-9 -28
-9 32
-10 -30
-10 -26
-10 18
-11 -31
-11 -27
-11 19
-12 -32
-12 -28
-12 20
-13 14 1
-14 15 2
-15 16 3
-17 18 1 4 7
-18 19 2 5 8
-19 20 3 6 9
-21 22 4
-22 23 5
-23 24 6
-25 26 7 10
-26 27 8 11
-27 28 9 12
-29 30 10
-30 31 11
-31 32 12
13 -14 4
14 -15 5
15 -16 6
17 -18 10
18 -19 11
19 -20 12
21 -22 1
22 -23 2
23 -24 3
29 -30 7
30 -31 8
31 -32 9
-1 -4
-1 -7
-1 -10
-4 -7
-4 -10
-7 -10
-2 -5
-2 -8
-2 -11
-5 -8
-5 -11
-8 -11
-3 -6
-3 -9
-3 -12
-6 -9
-6 -12
-9 -12
-13
17
21
25
29
16 20 24 28 32
-16 -20
-16 -24
-16 -28
-16 -32
-20 -24
-20 -28
-20 -32
-24 -28
-24 -32
-28 -32
0
1 Jump(1,2,3,1)
2 Jump(1,2,3,2)
3 Jump(1,2,3,3)
4 Jump(3,2,1,1)
5 Jump(3,2,1,2)
6 Jump(3,2,1,3)
7 Jump(2,4,5,1)
8 Jump(2,4,5,2)
9 Jump(2,4,5,3)
10 Jump(5,4,2,1)
11 Jump(5,4,2,2)
12 Jump(5,4,2,3)
13 Peg(1,1)
14 Peg(1,2)
15 Peg(1,3)
16 Peg(1,4)
17 Peg(2,1)
18 Peg(2,2)
19 Peg(2,3)
20 Peg(2,4)
21 Peg(3,1)
22 Peg(3,2)
23 Peg(3,3)
24 Peg(3,4)
25 Peg(4,1)
26 Peg(4,2)
27 Peg(4,3)
28 Peg(4,4)
29 Peg(5,1)
30 Peg(5,2)
31 Peg(5,3)
32 Peg(5,4)