-1 49
-1 54
-1 -59
-2 50
-2 55
-2 -60
-3 51
-3 56
-3 -61
-4 52
-4 57
-4 -62
-5 59
-5 54
-5 -49
-6 60
-6 55
-6 -50
-7 61
-7 56
-7 -51
-8 62
-8 57
-8 -52
-9 54
-9 59
-9 -64
-10 55
-10 60
-10 -65
-11 56
-11 61
-11 -66
-12 57
-12 62
-12 -67
-13 64
-13 59
-13 -54
-14 65
-14 60
-14 -55
-15 66
-15 61
-15 -56
-16 67
-16 62
-16 -57
-17 59
-17 64
-17 -69
-18 60
-18 65
-18 -70
-19 61
-19 66
-19 -71
-20 62
-20 67
-20 -72
-21 69
-21 64
-21 -59
-22 70
-22 65
-22 -60
-23 71
-23 66
-23 -61
-24 72
-24 67
-24 -62
-25 64
-25 69
-25 -74
-26 65
-26 70
-26 -75
-27 66
-27 71
-27 -76
-28 67
-28 72
-28 -77
-29 74
-29 69
-29 -64
-30 75
-30 70
-30 -65
-31 76
-31 71
-31 -66
-32 77
-32 72
-32 -67
-33 69
-33 74
-33 -49
-34 70
-34 75
-34 -50
-35 71
-35 76
-35 -51
-36 72
-36 77
-36 -52
-37 49
-37 74
-37 -69
-38 50
-38 75
-38 -70
-39 51
-39 76
-39 -71
-40 52
-40 77
-40 -72
-41 74
-41 49
-41 -54
-42 75
-42 50
-42 -55
-43 76
-43 51
-43 -56
-44 77
-44 52
-44 -57
-45 54
-45 49
-45 -74
-46 55
-46 50
-46 -75
-47 56
-47 51
-47 -76
-48 57
-48 52
-48 -77
-1 -50
-1 -55
-1 60
-2 -51
-2 -56
-2 61
-3 -52
-3 -57
-3 62
-4 -53
-4 -58
-4 63
-5 -60
-5 -55
-5 50
-6 -61
-6 -56
-6 51
-7 -62
-7 -57
-7 52
-8 -63
-8 -58
-8 53
-9 -55
-9 -60
-9 65
-10 -56
-10 -61
-10 66
-11 -57
-11 -62
-11 67
-12 -58
-12 -63
-12 68
-13 -65
-13 -60
-13 55
-14 -66
-14 -61
-14 56
-15 -67
-15 -62
-15 57
-16 -68
-16 -63
-16 58
-17 -60
-17 -65
-17 70
-18 -61
-18 -66
-18 71
-19 -62
-19 -67
-19 72
-20 -63
-20 -68
-20 73
-21 -70
-21 -65
-21 60
-22 -71
-22 -66
-22 61
-23 -72
-23 -67
-23 62
-24 -73
-24 -68
-24 63
-25 -65
-25 -70
-25 75
-26 -66
-26 -71
-26 76
-27 -67
-27 -72
-27 77
-28 -68
-28 -73
-28 78
-29 -75
-29 -70
-29 65
-30 -76
-30 -71
-30 66
-31 -77
-31 -72
-31 67
-32 -78
-32 -73
-32 68
-33 -70
-33 -75
-33 50
-34 -71
-34 -76
-34 51
-35 -72
-35 -77
-35 52
-36 -73
-36 -78
-36 53
-37 -50
-37 -75
-37 70
-38 -51
-38 -76
-38 71
-39 -52
-39 -77
-39 72
-40 -53
-40 -78
-40 73
-41 -75
-41 -50
-41 55
-42 -76
-42 -51
-42 56
-43 -77
-43 -52
-43 57
-44 -78
-44 -53
-44 58
-45 -55
-45 -50
-45 75
-46 -56
-46 -51
-46 76
-47 -57
-47 -52
-47 77
-48 -58
-48 -53
-48 78
-49 50 1 37 41 45
-50 51 2 38 42 46
-51 52 3 39 43 47
-52 53 4 40 44 48
-54 55 1 5 9 45
-55 56 2 6 10 46
-56 57 3 7 11 47
-57 58 4 8 12 48
-59 60 5 9 13 17
-60 61 6 10 14 18
-61 62 7 11 15 19
-62 63 8 12 16 20
-64 65 13 17 21 25
-65 66 14 18 22 26
-66 67 15 19 23 27
-67 68 16 20 24 28
-69 70 21 25 29 33
-70 71 22 26 30 34
-71 72 23 27 31 35
-72 73 24 28 32 36
-74 75 29 33 37 41
-75 76 30 34 38 42
-76 77 31 35 39 43
-77 78 32 36 40 44
49 -50 5 33
50 -51 6 34
51 -52 7 35
52 -53 8 36
54 -55 13 41
55 -56 14 42
56 -57 15 43
57 -58 16 44
59 -60 1 21
60 -61 2 22
61 -62 3 23
62 -63 4 24
64 -65 9 29
65 -66 10 30
66 -67 11 31
67 -68 12 32
69 -70 17 37
70 -71 18 38
71 -72 19 39
72 -73 20 40
74 -75 25 45
75 -76 26 46
76 -77 27 47
77 -78 28 48
-1 -5
-1 -9
-1 -13
-1 -17
-1 -21
-1 -25
-1 -29
-1 -33
-1 -37
-1 -41
-1 -45
-5 -9
-5 -13
-5 -17
-5 -21
-5 -25
-5 -29
-5 -33
-5 -37
-5 -41
-5 -45
-9 -13
-9 -17
-9 -21
-9 -25
-9 -29
-9 -33
-9 -37
-9 -41
-9 -45
-13 -17
-13 -21
-13 -25
-13 -29
-13 -33
-13 -37
-13 -41
-13 -45
-17 -21
-17 -25
-17 -29
-17 -33
-17 -37
-17 -41
-17 -45
-21 -25
-21 -29
-21 -33
-21 -37
-21 -41
-21 -45
-25 -29
-25 -33
-25 -37
-25 -41
-25 -45
-29 -33
-29 -37
-29 -41
-29 -45
-33 -37
-33 -41
-33 -45
-37 -41
-37 -45
-41 -45
-2 -6
-2 -10
-2 -14
-2 -18
-2 -22
-2 -26
-2 -30
-2 -34
-2 -38
-2 -42
-2 -46
-6 -10
-6 -14
-6 -18
-6 -22
-6 -26
-6 -30
-6 -34
-6 -38
-6 -42
-6 -46
-10 -14
-10 -18
-10 -22
-10 -26
-10 -30
-10 -34
-10 -38
-10 -42
-10 -46
-14 -18
-14 -22
-14 -26
-14 -30
-14 -34
-14 -38
-14 -42
-14 -46
-18 -22
-18 -26
-18 -30
-18 -34
-18 -38
-18 -42
-18 -46
-22 -26
-22 -30
-22 -34
-22 -38
-22 -42
-22 -46
-26 -30
-26 -34
-26 -38
-26 -42
-26 -46
-30 -34
-30 -38
-30 -42
-30 -46
-34 -38
-34 -42
-34 -46
-38 -42
-38 -46
-42 -46
-3 -7
-3 -11
-3 -15
-3 -19
-3 -23
-3 -27
-3 -31
-3 -35
-3 -39
-3 -43
-3 -47
-7 -11
-7 -15
-7 -19
-7 -23
-7 -27
-7 -31
-7 -35
-7 -39
-7 -43
-7 -47
-11 -15
-11 -19
-11 -23
-11 -27
-11 -31
-11 -35
-11 -39
-11 -43
-11 -47
-15 -19
-15 -23
-15 -27
-15 -31
-15 -35
-15 -39
-15 -43
-15 -47
-19 -23
-19 -27
-19 -31
-19 -35
-19 -39
-19 -43
-19 -47
-23 -27
-23 -31
-23 -35
-23 -39
-23 -43
-23 -47
-27 -31
-27 -35
-27 -39
-27 -43
-27 -47
-31 -35
-31 -39
-31 -43
-31 -47
-35 -39
-35 -43
-35 -47
-39 -43
-39 -47
-43 -47
-4 -8
-4 -12
-4 -16
-4 -20
-4 -24
-4 -28
-4 -32
-4 -36
-4 -40
-4 -44
-4 -48
-8 -12
-8 -16
-8 -20
-8 -24
-8 -28
-8 -32
-8 -36
-8 -40
-8 -44
-8 -48
-12 -16
-12 -20
-12 -24
-12 -28
-12 -32
-12 -36
-12 -40
-12 -44
-12 -48
-16 -20
-16 -24
-16 -28
-16 -32
-16 -36
-16 -40
-16 -44
-16 -48
-20 -24
-20 -28
-20 -32
-20 -36
-20 -40
-20 -44
-20 -48
-24 -28
-24 -32
-24 -36
-24 -40
-24 -44
-24 -48
-28 -32
-28 -36
-28 -40
-28 -44
-28 -48
-32 -36
-32 -40
-32 -44
-32 -48
-36 -40
-36 -44
-36 -48
-40 -44
-40 -48
-44 -48
-49
54
59
64
69
74
53 58 63 68 73 78
-53 -58
-53 -63
-53 -68
-53 -73
-53 -78
-58 -63
-58 -68
-58 -73
-58 -78
-63 -68
-63 -73
-63 -78
-68 -73
-68 -78
-73 -78
0
1 Jump(1,2,3,1)
2 Jump(1,2,3,2)
3 Jump(1,2,3,3)
4 Jump(1,2,3,4)
5 Jump(3,2,1,1)
6 Jump(3,2,1,2)
7 Jump(3,2,1,3)
8 Jump(3,2,1,4)
9 Jump(2,3,4,1)
10 Jump(2,3,4,2)
11 Jump(2,3,4,3)
12 Jump(2,3,4,4)
13 Jump(4,3,2,1)
14 Jump(4,3,2,2)
15 Jump(4,3,2,3)
16 Jump(4,3,2,4)
17 Jump(3,4,5,1)
18 Jump(3,4,5,2)
19 Jump(3,4,5,3)
20 Jump(3,4,5,4)
21 Jump(5,4,3,1)
22 Jump(5,4,3,2)
23 Jump(5,4,3,3)
24 Jump(5,4,3,4)
25 Jump(4,5,6,1)
26 Jump(4,5,6,2)
27 Jump(4,5,6,3)
28 Jump(4,5,6,4)
29 Jump(6,5,4,1)
30 Jump(6,5,4,2)
31 Jump(6,5,4,3)
32 Jump(6,5,4,4)
33 Jump(5,6,1,1)
34 Jump(5,6,1,2)
35 Jump(5,6,1,3)
36 Jump(5,6,1,4)
37 Jump(1,6,5,1)
38 Jump(1,6,5,2)
39 Jump(1,6,5,3)
40 Jump(1,6,5,4)
41 Jump(6,1,2,1)
42 Jump(6,1,2,2)
43 Jump(6,1,2,3)
44 Jump(6,1,2,4)
45 Jump(2,1,6,1)
46 Jump(2,1,6,2)
47 Jump(2,1,6,3)
48 Jump(2,1,6,4)
49 Peg(1,1)
50 Peg(1,2)
51 Peg(1,3)
52 Peg(1,4)
53 Peg(1,5)
54 Peg(2,1)
55 Peg(2,2)
56 Peg(2,3)
57 Peg(2,4)
58 Peg(2,5)
59 Peg(3,1)
60 Peg(3,2)
61 Peg(3,3)
62 Peg(3,4)
63 Peg(3,5)
64 Peg(4,1)
65 Peg(4,2)
66 Peg(4,3)
67 Peg(4,4)
68 Peg(4,5)
69 Peg(5,1)
70 Peg(5,2)
71 Peg(5,3)
72 Peg(5,4)
73 Peg(5,5)
74 Peg(6,1)
75 Peg(6,2)
76 Peg(6,3)
77 Peg(6,4)
78 Peg(6,5)