1 F
2 F
3 F
4 F
5 F
6 F
7 F
8 F
9 F
10 F
11 F
12 F
13 F
14 F
15 F
16 F
17 F
18 T
19 F
20 F
21 F
22 F
23 F
24 F
25 F
26 F
27 F
28 F
29 F
30 F
31 F
32 T
33 T
34 F
35 F
36 F
37 F
38 F
39 F
40 F
41 F
42 F
43 F
44 F
45 F
46 F
47 T
48 F
49 F
50 T
51 T
52 F
53 F
54 T
55 T
56 T
57 F
58 F
59 T
60 T
61 F
62 F
63 F
64 T
65 T
66 F
67 F
68 T
69 T
70 F
71 T
72 T
73 F
74 T
75 F
76 F
77 T
78 F
0
1 Jump(1,2,3,1)
2 Jump(1,2,3,2)
3 Jump(1,2,3,3)
4 Jump(1,2,3,4)
5 Jump(3,2,1,1)
6 Jump(3,2,1,2)
7 Jump(3,2,1,3)
8 Jump(3,2,1,4)
9 Jump(2,3,4,1)
10 Jump(2,3,4,2)
11 Jump(2,3,4,3)
12 Jump(2,3,4,4)
13 Jump(4,3,2,1)
14 Jump(4,3,2,2)
15 Jump(4,3,2,3)
16 Jump(4,3,2,4)
17 Jump(3,4,5,1)
18 Jump(3,4,5,2)
19 Jump(3,4,5,3)
20 Jump(3,4,5,4)
21 Jump(5,4,3,1)
22 Jump(5,4,3,2)
23 Jump(5,4,3,3)
24 Jump(5,4,3,4)
25 Jump(4,5,6,1)
26 Jump(4,5,6,2)
27 Jump(4,5,6,3)
28 Jump(4,5,6,4)
29 Jump(6,5,4,1)
30 Jump(6,5,4,2)
31 Jump(6,5,4,3)
32 Jump(6,5,4,4)
33 Jump(5,6,1,1)
34 Jump(5,6,1,2)
35 Jump(5,6,1,3)
36 Jump(5,6,1,4)
37 Jump(1,6,5,1)
38 Jump(1,6,5,2)
39 Jump(1,6,5,3)
40 Jump(1,6,5,4)
41 Jump(6,1,2,1)
42 Jump(6,1,2,2)
43 Jump(6,1,2,3)
44 Jump(6,1,2,4)
45 Jump(2,1,6,1)
46 Jump(2,1,6,2)
47 Jump(2,1,6,3)
48 Jump(2,1,6,4)
49 Peg(1,1)
50 Peg(1,2)
51 Peg(1,3)
52 Peg(1,4)
53 Peg(1,5)
54 Peg(2,1)
55 Peg(2,2)
56 Peg(2,3)
57 Peg(2,4)
58 Peg(2,5)
59 Peg(3,1)
60 Peg(3,2)
61 Peg(3,3)
62 Peg(3,4)
63 Peg(3,5)
64 Peg(4,1)
65 Peg(4,2)
66 Peg(4,3)
67 Peg(4,4)
68 Peg(4,5)
69 Peg(5,1)
70 Peg(5,2)
71 Peg(5,3)
72 Peg(5,4)
73 Peg(5,5)
74 Peg(6,1)
75 Peg(6,2)
76 Peg(6,3)
77 Peg(6,4)
78 Peg(6,5)